0 8
46 1
46 2
46 3
46 5
46 29
48 0
48 1
48 2
48 3
48 4
48 5
48 33
49 1
49 2
49 4
49 5
49 32
51 0
51 3
51 4
51 5
51 20
51 35
52 1
53 1
58 1
58 4
58 5
58 24
59 0
59 1
59 2
59 3
59 4
59 5
60 0
60 1
60 2
60 3
60 4
60 5
62 35
63 0
63 1
63 2
63 3
63 4
63 5
63 14
63 18
64 0
64 2
64 3
64 14
70 1
70 2
70 4
70 5
70 34
71 0
71 1
71 2
71 3
71 4
71 5
71 35
72 0
72 1
72 2
72 3
72 4
72 5
72 15
72 34
73 0
73 1
73 2
73 3
73 4
73 5
73 12
73 35
74 0
74 1
74 2
74 3
74 4
74 5
75 0
75 1
75 2
75 3
75 4
75 5
75 29
76 0
76 1
76 2
76 3
76 3
76 4
76 5
76 29
77 0
77 1
77 2
77 3
77 4
77 5
77 20
78 0
78 1
78 2
78 3
78 4
78 5
78 33
79 0
79 1
79 2
79 3
79 4
79 5
79 17
80 0
80 1
80 2
80 3
80 4
80 5
80 30
80 35
81 0
81 2
81 3
81 4
81 5
81 20
81 35
82 0
82 1
82 2
82 3
82 4
82 5
82 35
83 0
83 2
83 3
83 4
83 5
83 31
83 35
84 0
84 1
84 2
84 3
84 4
84 5
84 9
84 32
85 0
85 1
85 2
85 3
85 4
85 5
85 13
86 0
86 1
86 2
86 3
86 4
86 5
86 23
87 0
87 1
87 2
87 3
87 4
87 5
88 0
88 1
88 2
88 3
88 4
88 5
88 7
89 0
89 1
89 2
89 3
89 4
89 5
89 9

