42117
70170
86173
219449
124979
143115
170570
194656
201416
225223
193392
196963
220057
226690
237983
245014
274899
291265
303397
307194
326840
340276
366894
367812
398833
400169
431615
437046
440401
455193
484028
482524
498530
522858
532263
555898
567652
600992
616199
627113
648019
624126
649239
678675
696545
685629
718156
725808
754620
818763
797678
826129
851044
811081
807386
896616
901486
885734
906349
900056
944001
939273
939156
980528
969111
997299
981820
1000987
1053061
1039814
1050423
1110492
1104709
1150762
1115718
1156657
1162908
1208484
1161136
1200289
1262572
1181244
1253032
1315715
1334709
1271360
1344324
1332812
1337002
1389276
1385938
1339433
1430288
1467324
1454690
1480781
1459754
1408525
1432977
1446621
