1509
1292
1071
1125
1159
1504
1271
1558
1702
1639
1646
2544
1976
1965
2025
2158
4079
2824
2454
2649
2808
2491
2621
2689
2572
2684
2787
2794
2803
2940
2996
3574
3343
3511
3199
3597
4223
3616
3518
3846
3837
3799
4007
3969
3958
4000
4128
4186
4139
4279
4276
4786
4575
4654
12290
4728
4686
4910
5015
5106
5452
5678
5194
5704
5550
5548
6507
5841
5704
5829
13207
5888
6051
6093
6505
4263
4302
4402
4365
3993
4125
4095
4088
10763
4190
4260
4607
4379
4577
4584
4614
4528
5098
4670
4759
11245
4654
4810
4796
4977
